%YAML:1.0
camera_name: kitti2
image_width: 1242
image_height: 375
camera_matrix:
   rows: 3
   cols: 3    
   data: [9.993513e-01,1.860866e-02,-3.083487e-02,-1.887662e-02,9.997863e-01,-8.421873e-03,3.067156e-02,8.998467e-03,9.994890e-01]
distortion_coefficients:
   rows: 1
   cols: 5
   data: [ 0., 0., 0., 0., 0. ]
rectification_matrix:
   rows: 3
   cols: 3
   data: [ 1., 0., 0., 0., 1., 0., 0., 0., 1. ]
projection_matrix:
   rows: 3
   cols: 4
   data: [ 7.215377e+02,0.000000e+00,6.095593e+02,-3.875744e+02,0.000000e+00,7.215377e+02,1.728540e+02,0.000000e+00,0.000000e+00,0.000000e+00,1.000000e+00 ]