%YAML:1.0
camera_name: rgbddatasets
image_width: 1242
image_height: 375
camera_matrix:
   rows: 3
   cols: 3
   data: [ 525., 0., 3.1950000000000000e+02, 0., 525.,
       2.3950000000000000e+02, 0., 0., 1. ]
distortion_coefficients:
   rows: 1
   cols: 5
   data: [ 0., 0., 0., 0., 0. ]
rectification_matrix:
   rows: 3
   cols: 3
   data: [ 1., 0., 0., 0., 1., 0., 0., 0., 1. ]
projection_matrix:
   rows: 3
   cols: 4
   data: [ 525., 0., 3.1950000000000000e+02, 0., 0., 525.,
       2.3950000000000000e+02, 0., 0., 0., 1., 0. ]
